---
images/banner-med.jpg: 2018-04-05 15:28:42.010569394 -04:00
images/SHAM-logo.jpg: 2018-04-05 15:28:41.847631419 -04:00
images/banner-large.jpg: 2018-04-05 15:28:37.459090221 -04:00
images/Author-Tristan-Tarwater.jpg: 2018-04-05 15:28:42.136968399 -04:00
images/banner-xl2.jpg: 2018-04-05 15:28:41.552324429 -04:00
images/banner-small.jpg: 2018-04-05 15:28:41.688544378 -04:00
images/Artist-Adrian-Ricker.jpg: 2018-04-05 15:28:43.008833163 -04:00
images/banner-xl.jpg: 2018-04-05 15:28:42.866940394 -04:00
images/comics/a-fistful-of-lunars-page-5.jpg: 2018-04-05 15:28:40.285334569 -04:00
images/comics/a-fistful-of-lunars-page-4.jpg: 2018-04-05 15:28:39.883464091 -04:00
images/comics/a-fistful-of-lunars-page-1.jpg: 2018-04-05 15:28:37.865431832 -04:00
images/comics/small/a-fistful-of-lunars-page-5.jpg: 2018-04-05 15:55:13.052937337
  -04:00
images/comics/small/a-fistful-of-lunars-page-4.jpg: 2018-04-05 15:55:12.979445030
  -04:00
images/comics/small/a-fistful-of-lunars-page-1.jpg: 2018-04-05 15:55:12.757045668
  -04:00
images/comics/small/a-fistful-of-lunars-page-3.jpg: 2018-04-05 15:55:12.907702571
  -04:00
images/comics/small/a-fistful-of-lunars-page-2.jpg: 2018-04-05 15:55:12.829644775
  -04:00
images/comics/a-fistful-of-lunars-page-3.jpg: 2018-04-05 15:28:38.745520965 -04:00
images/comics/thumbs/a-fistful-of-lunars-page-5.jpg: 2018-04-05 15:55:12.681441833
  -04:00
images/comics/thumbs/a-fistful-of-lunars-page-4.jpg: 2018-04-05 15:55:12.623213371
  -04:00
images/comics/thumbs/a-fistful-of-lunars-page-1.jpg: 2018-04-05 15:55:12.428927040
  -04:00
images/comics/thumbs/a-fistful-of-lunars-page-3.jpg: 2018-04-05 15:55:12.559557333
  -04:00
images/comics/thumbs/a-fistful-of-lunars-page-2.jpg: 2018-04-05 15:55:12.492703763
  -04:00
images/comics/a-fistful-of-lunars-page-2.jpg: 2018-04-05 15:28:38.288974714 -04:00
images/characters/Shamsee-Bio.jpg: 2018-04-05 15:28:42.429626769 -04:00
images/characters/Blighter-Bio.jpg: 2018-04-05 15:28:42.582907439 -04:00
images/characters/Gia-Bio.jpg: 2018-04-05 15:28:42.279845995 -04:00
